p/00000.png 1 0 0 50 50
p/00001.png 1 0 0 50 50
p/00002.png 1 0 0 50 50
p/00003.png 1 0 0 50 50
p/00004.png 1 0 0 50 50
p/00005.png 1 0 0 50 50
p/00006.png 1 0 0 50 50
p/00007.png 1 0 0 50 50
p/00008.png 1 0 0 50 50
p/00009.png 1 0 0 50 50
p/00010.png 1 0 0 50 50
p/00011.png 1 0 0 50 50
p/00012.png 1 0 0 50 50
p/00013.png 1 0 0 50 50
p/00014.png 1 0 0 50 50
p/00015.png 1 0 0 50 50
p/00016.png 1 0 0 50 50
p/00017.png 1 0 0 50 50
p/00018.png 1 0 0 50 50
p/00019.png 1 0 0 50 50
p/00020.png 1 0 0 50 50
p/00021.png 1 0 0 50 50
p/00022.png 1 0 0 50 50
p/00023.png 1 0 0 50 50
p/00024.png 1 0 0 50 50
p/00025.png 1 0 0 50 50
p/00026.png 1 0 0 50 50
p/00027.png 1 0 0 50 50
p/00028.png 1 0 0 50 50
p/00029.png 1 0 0 50 50
p/00030.png 1 0 0 50 50
p/00031.png 1 0 0 50 50
p/00032.png 1 0 0 50 50
p/00033.png 1 0 0 50 50
p/00034.png 1 0 0 50 50
p/00035.png 1 0 0 50 50
p/00036.png 1 0 0 50 50
p/00037.png 1 0 0 50 50
p/00038.png 1 0 0 50 50
p/00039.png 1 0 0 50 50
p/00040.png 1 0 0 50 50
p/00041.png 1 0 0 50 50
p/00042.png 1 0 0 50 50
p/00043.png 1 0 0 50 50
p/00044.png 1 0 0 50 50
p/00045.png 1 0 0 50 50
p/00046.png 1 0 0 50 50
p/00047.png 1 0 0 50 50
p/00048.png 1 0 0 50 50
p/00049.png 1 0 0 50 50
p/00050.png 1 0 0 50 50
p/00051.png 1 0 0 50 50
p/00052.png 1 0 0 50 50
p/00053.png 1 0 0 50 50
p/00054.png 1 0 0 50 50
p/00055.png 1 0 0 50 50
p/00056.png 1 0 0 50 50
p/00057.png 1 0 0 50 50
p/00058.png 1 0 0 50 50
p/00059.png 1 0 0 50 50
p/00060.png 1 0 0 50 50
p/00061.png 1 0 0 50 50
p/00062.png 1 0 0 50 50
p/00063.png 1 0 0 50 50
p/00064.png 1 0 0 50 50
p/00065.png 1 0 0 50 50
p/00066.png 1 0 0 50 50
p/00067.png 1 0 0 50 50
p/00068.png 1 0 0 50 50
p/00069.png 1 0 0 50 50
p/00070.png 1 0 0 50 50
p/00071.png 1 0 0 50 50
p/00072.png 1 0 0 50 50
p/00073.png 1 0 0 50 50
p/00074.png 1 0 0 50 50
p/00075.png 1 0 0 50 50
p/00076.png 1 0 0 50 50
p/00077.png 1 0 0 50 50
p/00078.png 1 0 0 50 50
p/00079.png 1 0 0 50 50
p/00080.png 1 0 0 50 50
p/00081.png 1 0 0 50 50
p/00082.png 1 0 0 50 50
p/00083.png 1 0 0 50 50
p/00084.png 1 0 0 50 50
p/00085.png 1 0 0 50 50
p/00086.png 1 0 0 50 50
p/00087.png 1 0 0 50 50
p/00088.png 1 0 0 50 50
p/00089.png 1 0 0 50 50
p/00090.png 1 0 0 50 50
p/00091.png 1 0 0 50 50
p/00092.png 1 0 0 50 50
